Interface residues list:

From pdb's

chain A: 251, 252, 253, 254, 255, 311, 380, 382, 385, 386, 387, 426, 428, 433,
434, 435, 436, 437, 438

chain B: 21, 23, 24, 25, 27, 28, 29, 31, 32, 35, 40, 41, 42, 43, 44, 45, 52

----------------
For modeller full version
(shift is 117)
chain A: 134, 135, 136, 137, 138, 194, 263, 265, 268, 269, 270, 309, 311, 316, 317, 318, 319, 320, 321


(shift 370)
(given full chain, chain B starts at 371)
chain B:391, 393, 394, 395, 397, 398, 399, 401, 402, 405, 410, 411, 412, 413, 414, 415, 422


-------------
For meta

(shift is 237)
chain A: 14, 15, 16, 17, 18, 74, 143, 145, 148, 149, 150, 189, 191, 196, 197, 198, 199, 200, 201

(shift is 0)
chain B: 21, 23, 24, 25, 27, 28, 29, 31, 32, 35, 40, 41, 42, 43, 44, 45, 52

------------
For alpha fold

(shift is 117)
chain A: 134, 135, 136, 137, 138, 194, 263, 265, 268, 269, 270, 309, 311, 316, 317, 318, 319, 320, 321

(shift is 441)
chain : 462, 464, 465, 466, 468, 469, 470, 472, 473, 476, 481, 482, 483, 484, 485, 486, 493
